test_name,method_name,time_in_millis